push:13 INT
Stack:0 13 
规约:类型定义53-->13
Stack:0 53 
push:6 FUNC
Stack:0 53 6 
push:10 (
Stack:0 53 6 10 
push:13 INT
Stack:0 53 6 10 13 
规约:类型定义53-->13
Stack:0 53 6 10 53 
push:4 ID
Stack:0 53 6 10 53 4 
规约:形参声明55-->5304
Stack:0 53 6 10 55 
push:13 INT
Stack:0 53 6 10 55 13 
规约:类型定义53-->13
Stack:0 53 6 10 55 53 
push:4 ID
Stack:0 53 6 10 55 53 4 
规约:形参声明55-->5304
Stack:0 53 6 10 55 55 
规约:形参列表54-->0
Stack:0 53 6 10 55 55 54 
规约:形参列表54-->5554
Stack:0 53 6 10 55 54 
规约:形参列表54-->5554
Stack:0 53 6 10 54 
push:11 )
Stack:0 53 6 10 54 11 
push:21 {
Stack:0 53 6 10 54 11 21 
push:13 INT
Stack:0 53 6 10 54 11 21 13 
规约:类型定义53-->13
Stack:0 53 6 10 54 11 21 53 
push:4 ID
Stack:0 53 6 10 54 11 21 53 4 
规约:直接声明体58-->4
Stack:0 53 6 10 54 11 21 53 58 
push:20 -
Stack:0 53 6 10 54 11 21 53 58 20 
push:21 {
Stack:0 53 6 10 54 11 21 53 58 20 21 
push:8 INTEGER
Stack:0 53 6 10 54 11 21 53 58 20 21 8 
规约:基本表达式83-->8
Stack:0 53 6 10 54 11 21 53 58 20 21 83 
规约:初始化序列60-->0
Stack:0 53 6 10 54 11 21 53 58 20 21 83 60 
规约:初始化序列60-->8360
Stack:0 53 6 10 54 11 21 53 58 20 21 60 
push:22 }
Stack:0 53 6 10 54 11 21 53 58 20 21 60 22 
push:19 ;
Stack:0 53 6 10 54 11 21 53 58 20 21 60 22 19 
规约:初始化程序59-->2021602219
Stack:0 53 6 10 54 11 21 53 58 59 
规约:初始化声明57-->535859
Stack:0 53 6 10 54 11 21 57 
push:13 INT
Stack:0 53 6 10 54 11 21 57 13 
规约:类型定义53-->13
Stack:0 53 6 10 54 11 21 57 53 
push:4 ID
Stack:0 53 6 10 54 11 21 57 53 4 
规约:直接声明体58-->4
Stack:0 53 6 10 54 11 21 57 53 58 
push:19 ;
Stack:0 53 6 10 54 11 21 57 53 58 19 
规约:初始化程序59-->19
Stack:0 53 6 10 54 11 21 57 53 58 59 
规约:初始化声明57-->535859
Stack:0 53 6 10 54 11 21 57 57 
push:15 COUBLE
Stack:0 53 6 10 54 11 21 57 57 15 
规约:类型定义53-->15
Stack:0 53 6 10 54 11 21 57 57 53 
push:4 ID
Stack:0 53 6 10 54 11 21 57 57 53 4 
规约:直接声明体58-->4
Stack:0 53 6 10 54 11 21 57 57 53 58 
push:20 -
Stack:0 53 6 10 54 11 21 57 57 53 58 20 
push:21 {
Stack:0 53 6 10 54 11 21 57 57 53 58 20 21 
push:9 REAL
Stack:0 53 6 10 54 11 21 57 57 53 58 20 21 9 
规约:基本表达式83-->9
Stack:0 53 6 10 54 11 21 57 57 53 58 20 21 83 
规约:初始化序列60-->0
Stack:0 53 6 10 54 11 21 57 57 53 58 20 21 83 60 
规约:初始化序列60-->8360
Stack:0 53 6 10 54 11 21 57 57 53 58 20 21 60 
push:22 }
Stack:0 53 6 10 54 11 21 57 57 53 58 20 21 60 22 
push:19 ;
Stack:0 53 6 10 54 11 21 57 57 53 58 20 21 60 22 19 
规约:初始化程序59-->2021602219
Stack:0 53 6 10 54 11 21 57 57 53 58 59 
规约:初始化声明57-->535859
Stack:0 53 6 10 54 11 21 57 57 57 
push:14 FLOAT
Stack:0 53 6 10 54 11 21 57 57 57 14 
规约:类型定义53-->14
Stack:0 53 6 10 54 11 21 57 57 57 53 
push:5 ARRAY
Stack:0 53 6 10 54 11 21 57 57 57 53 5 
push:17 [
Stack:0 53 6 10 54 11 21 57 57 57 53 5 17 
push:8 INTEGER
Stack:0 53 6 10 54 11 21 57 57 57 53 5 17 8 
规约:基本表达式83-->8
Stack:0 53 6 10 54 11 21 57 57 57 53 5 17 83 
push:18 ]
Stack:0 53 6 10 54 11 21 57 57 57 53 5 17 83 18 
规约:直接声明体58-->5178318
Stack:0 53 6 10 54 11 21 57 57 57 53 58 
push:20 -
Stack:0 53 6 10 54 11 21 57 57 57 53 58 20 
push:21 {
Stack:0 53 6 10 54 11 21 57 57 57 53 58 20 21 
push:8 INTEGER
Stack:0 53 6 10 54 11 21 57 57 57 53 58 20 21 8 
规约:基本表达式83-->8
Stack:0 53 6 10 54 11 21 57 57 57 53 58 20 21 83 
push:8 INTEGER
Stack:0 53 6 10 54 11 21 57 57 57 53 58 20 21 83 8 
规约:基本表达式83-->8
Stack:0 53 6 10 54 11 21 57 57 57 53 58 20 21 83 83 
push:8 INTEGER
Stack:0 53 6 10 54 11 21 57 57 57 53 58 20 21 83 83 8 
规约:基本表达式83-->8
Stack:0 53 6 10 54 11 21 57 57 57 53 58 20 21 83 83 83 
push:8 INTEGER
Stack:0 53 6 10 54 11 21 57 57 57 53 58 20 21 83 83 83 8 
规约:基本表达式83-->8
Stack:0 53 6 10 54 11 21 57 57 57 53 58 20 21 83 83 83 83 
push:8 INTEGER
Stack:0 53 6 10 54 11 21 57 57 57 53 58 20 21 83 83 83 83 8 
规约:基本表达式83-->8
Stack:0 53 6 10 54 11 21 57 57 57 53 58 20 21 83 83 83 83 83 
规约:初始化序列60-->0
Stack:0 53 6 10 54 11 21 57 57 57 53 58 20 21 83 83 83 83 83 60 
规约:初始化序列60-->8360
Stack:0 53 6 10 54 11 21 57 57 57 53 58 20 21 83 83 83 83 60 
规约:初始化序列60-->8360
Stack:0 53 6 10 54 11 21 57 57 57 53 58 20 21 83 83 83 60 
规约:初始化序列60-->8360
Stack:0 53 6 10 54 11 21 57 57 57 53 58 20 21 83 83 60 
规约:初始化序列60-->8360
Stack:0 53 6 10 54 11 21 57 57 57 53 58 20 21 83 60 
规约:初始化序列60-->8360
Stack:0 53 6 10 54 11 21 57 57 57 53 58 20 21 60 
push:22 }
Stack:0 53 6 10 54 11 21 57 57 57 53 58 20 21 60 22 
push:19 ;
Stack:0 53 6 10 54 11 21 57 57 57 53 58 20 21 60 22 19 
规约:初始化程序59-->2021602219
Stack:0 53 6 10 54 11 21 57 57 57 53 58 59 
规约:初始化声明57-->535859
Stack:0 53 6 10 54 11 21 57 57 57 57 
push:12 CHAR
Stack:0 53 6 10 54 11 21 57 57 57 57 12 
规约:类型定义53-->12
Stack:0 53 6 10 54 11 21 57 57 57 57 53 
push:4 ID
Stack:0 53 6 10 54 11 21 57 57 57 57 53 4 
规约:直接声明体58-->4
Stack:0 53 6 10 54 11 21 57 57 57 57 53 58 
push:20 -
Stack:0 53 6 10 54 11 21 57 57 57 57 53 58 20 
push:21 {
Stack:0 53 6 10 54 11 21 57 57 57 57 53 58 20 21 
push:43 CH
Stack:0 53 6 10 54 11 21 57 57 57 57 53 58 20 21 43 
规约:基本表达式83-->43
Stack:0 53 6 10 54 11 21 57 57 57 57 53 58 20 21 83 
规约:初始化序列60-->0
Stack:0 53 6 10 54 11 21 57 57 57 57 53 58 20 21 83 60 
规约:初始化序列60-->8360
Stack:0 53 6 10 54 11 21 57 57 57 57 53 58 20 21 60 
push:22 }
Stack:0 53 6 10 54 11 21 57 57 57 57 53 58 20 21 60 22 
push:19 ;
Stack:0 53 6 10 54 11 21 57 57 57 57 53 58 20 21 60 22 19 
规约:初始化程序59-->2021602219
Stack:0 53 6 10 54 11 21 57 57 57 57 53 58 59 
规约:初始化声明57-->535859
Stack:0 53 6 10 54 11 21 57 57 57 57 57 
push:13 INT
Stack:0 53 6 10 54 11 21 57 57 57 57 57 13 
规约:类型定义53-->13
Stack:0 53 6 10 54 11 21 57 57 57 57 57 53 
push:4 ID
Stack:0 53 6 10 54 11 21 57 57 57 57 57 53 4 
规约:直接声明体58-->4
Stack:0 53 6 10 54 11 21 57 57 57 57 57 53 58 
push:19 ;
Stack:0 53 6 10 54 11 21 57 57 57 57 57 53 58 19 
规约:初始化程序59-->19
Stack:0 53 6 10 54 11 21 57 57 57 57 57 53 58 59 
规约:初始化声明57-->535859
Stack:0 53 6 10 54 11 21 57 57 57 57 57 57 
push:13 INT
Stack:0 53 6 10 54 11 21 57 57 57 57 57 57 13 
规约:类型定义53-->13
Stack:0 53 6 10 54 11 21 57 57 57 57 57 57 53 
push:4 ID
Stack:0 53 6 10 54 11 21 57 57 57 57 57 57 53 4 
规约:直接声明体58-->4
Stack:0 53 6 10 54 11 21 57 57 57 57 57 57 53 58 
push:19 ;
Stack:0 53 6 10 54 11 21 57 57 57 57 57 57 53 58 19 
规约:初始化程序59-->19
Stack:0 53 6 10 54 11 21 57 57 57 57 57 57 53 58 59 
规约:初始化声明57-->535859
Stack:0 53 6 10 54 11 21 57 57 57 57 57 57 57 
规约:声明序列56-->0
Stack:0 53 6 10 54 11 21 57 57 57 57 57 57 57 56 
规约:声明序列56-->5756
Stack:0 53 6 10 54 11 21 57 57 57 57 57 57 56 
规约:声明序列56-->5756
Stack:0 53 6 10 54 11 21 57 57 57 57 57 56 
规约:声明序列56-->5756
Stack:0 53 6 10 54 11 21 57 57 57 57 56 
规约:声明序列56-->5756
Stack:0 53 6 10 54 11 21 57 57 57 56 
规约:声明序列56-->5756
Stack:0 53 6 10 54 11 21 57 57 56 
规约:声明序列56-->5756
Stack:0 53 6 10 54 11 21 57 56 
规约:声明序列56-->5756
Stack:0 53 6 10 54 11 21 56 
push:4 ID
Stack:0 53 6 10 54 11 21 56 4 
push:20 -
Stack:0 53 6 10 54 11 21 56 4 20 
push:4 ID
Stack:0 53 6 10 54 11 21 56 4 20 4 
规约:基本表达式83-->4
Stack:0 53 6 10 54 11 21 56 4 20 83 
规约:后缀表达式82-->83
Stack:0 53 6 10 54 11 21 56 4 20 82 
规约:项189-->0
Stack:0 53 6 10 54 11 21 56 4 20 82 89 
规约:项81-->8289
Stack:0 53 6 10 54 11 21 56 4 20 81 
push:38 +
Stack:0 53 6 10 54 11 21 56 4 20 81 38 
规约:加减操作符85-->38
Stack:0 53 6 10 54 11 21 56 4 20 81 85 
push:4 ID
Stack:0 53 6 10 54 11 21 56 4 20 81 85 4 
规约:基本表达式83-->4
Stack:0 53 6 10 54 11 21 56 4 20 81 85 83 
规约:后缀表达式82-->83
Stack:0 53 6 10 54 11 21 56 4 20 81 85 82 
规约:项189-->0
Stack:0 53 6 10 54 11 21 56 4 20 81 85 82 89 
规约:项81-->8289
Stack:0 53 6 10 54 11 21 56 4 20 81 85 81 
规约:因式180-->0
Stack:0 53 6 10 54 11 21 56 4 20 81 85 81 80 
规约:因式180-->858180
Stack:0 53 6 10 54 11 21 56 4 20 81 80 
规约:因式79-->8180
Stack:0 53 6 10 54 11 21 56 4 20 79 
规约:关系表达式177-->0
Stack:0 53 6 10 54 11 21 56 4 20 79 77 
规约:关系表达式76-->7977
Stack:0 53 6 10 54 11 21 56 4 20 76 
规约:逻辑表达式174-->0
Stack:0 53 6 10 54 11 21 56 4 20 76 74 
规约:逻辑表达式73-->7674
Stack:0 53 6 10 54 11 21 56 4 20 73 
规约:条件表达式71-->73
Stack:0 53 6 10 54 11 21 56 4 20 71 
规约:表达式70-->42071
