50 5150|00
51 52
52 530610541162
53 12|13|14|15
54 5554|00
55 5304
56 5756|00
57 535859
58 04|05178318
59 19|2021602219
60 8360|00
61 00
62 216322
63 5664
64 6564|00
65 62|66|67|68|69
66 19|7019
67 8788
68 2510731162|261070197319701162
69 2719|2819|298319
70 042071|051783182071|06108411
71 73
72 30703170|00
73 7674|017374|10731174
74 757674|00
75 02|03
76 7977
77 787977|00
78 33|32|34|35|36|37
79 10791180|8180
80 858180|00
81 8289
82 83|05178318|06108411
83 04|08|09|07|43
84 831684|00
85 38|39
86 41|40|42
87 2310731162
88 2462|00
89 868289|00